INDEX VOCUM RARIORUM.

fluctuabundus 68 0101111110111 618
= focarius (qui focum 00111011) 228 010111101 613

formemus 436 multigenas 573. 574
110οᾶ1000101 158 multiloquax 280

fulgit 45 010110 (monton) 228
1001111001 498 01011111 237

gentilupus 492 010110 505

gramma 16. 22. 23. 52. 94. 609. 626 nascentiae 117

grandisonus 130 nauclerus 613
gratificus 69. 70470 01111 77

guvernit 98 00110 181
01011 12 nundinis 559

00001180 . ν 0000010100 105
hymnidicus 230. 280. 297. 319. 326 omnicolor 458
0110011 49 omnitenens 604 “
010011 171
1000101011 18 0111118111 552
iems 428 ostensor 41
1010110001 72 0111111001 72
induperator 349. 531 0111111111 558
infernalis 262
1010110101 456 010101001 533
0111011110 174 0110101111 609
1001111ιά110 592 ” 0101100100 283

10010110447. 455. 506. 570. 581 010000100147

1001110154 paradigma 51. 242. 277. 291
10100122 paradisigenus 536
10001586. ,632 Ι paraliticus 208. 217

101111 4. 1011111 16 paralysis 177

1010001111 535 paranymphus 315

r 00010100 010 148
1100110101 119 . pecual 361
1100110000 470 : periroma 133
1101 42 phantasma 215. 349
11010101 471 001100 366
11100101 48 pharetriger 44
laticus (a latice) 610 0011011000111534
1111101010 321 001111 67. 00110 399
1111011010. e. 11110010001228 01001 010019
1001111001 97 pisci uus 550
lechitus 39 plagare 117
letheus 321 plasmare 585
0511001001 53 plectiere 351
linqueret 597. 602 ples 89
1000167 plumula 139
101000 534. 608 poetalis 580
10016001 23 0011101111101(011011011001)338
lucifluus 5. 13. 21. 94. 421. 457. 616 polum 428
10110 84 0001111001 488
luxivagus 273 pompifer 51. 74. Ι432
1100000001 108 praesumptrix 452

lychnus so. 11 praesim
problemma 54. 378

1001001 259 promocoudus 39

iias-iim mandras 11. 101. 111 promupdare 585
mansa 329 01000011 613
0111011101 539 prophetalis 200

maurillnm (1) 104 prostrare 452
medeliser 104 0101111428
mellidus 146 0101001101 335. 338
meinerus 1a. aa 11. 11. 133. runcocesso. 11111111111118 533

274. 381. 457. 491 psalmicen 40
0101010001 131 psalmodia 216

1001001101 619

membrosus 488 quaesitore 82
micros 621 querelliler 504

011110 72 quum 536. 537. 539
miscere 359

misci 505 rectiloquus 254. 408

10111110 615 1011010000 201
moechia 451. 544 refulgit 137

monoptoton 611 respargo 265
9011111100 sevi 0111011111 Ι,

 

